Results for euclidean 
              precision    recall  f1-score   support

           1      0.927     0.886     0.906       114
           2      0.956     0.935     0.945       276
           3      0.830     0.890     0.859       318
           4      0.927     0.949     0.938       254
           5      0.959     0.903     0.930       103
           6      0.947     0.931     0.939       248
           7      0.876     0.868     0.872       357
           8      0.939     0.917     0.928       218

    accuracy                          0.909      1888
   macro avg      0.920     0.910     0.915      1888
weighted avg      0.911     0.909     0.910      1888

 

Results for haversine 
              precision    recall  f1-score   support

           1      0.874     0.851     0.862       114
           2      0.941     0.917     0.928       276
           3      0.776     0.871     0.821       318
           4      0.921     0.921     0.921       254
           5      0.929     0.883     0.905       103
           6      0.917     0.887     0.902       248
           7      0.846     0.829     0.837       357
           8      0.904     0.867     0.885       218

    accuracy                          0.878      1888
   macro avg      0.888     0.878     0.883      1888
weighted avg      0.880     0.878     0.878      1888

 

Results for canberra 
              precision    recall  f1-score   support

           1      0.911     0.895     0.903       114
           2      0.949     0.938     0.944       276
           3      0.863     0.893     0.878       318
           4      0.949     0.945     0.947       254
           5      0.950     0.922     0.936       103
           6      0.954     0.915     0.934       248
           7      0.870     0.899     0.884       357
           8      0.921     0.904     0.912       218

    accuracy                          0.914      1888
   macro avg      0.921     0.914     0.917      1888
weighted avg      0.915     0.914     0.914      1888

 

Results for braycurtis 
              precision    recall  f1-score   support

           1      0.927     0.895     0.911       114
           2      0.970     0.938     0.954       276
           3      0.844     0.903     0.872       318
           4      0.948     0.941     0.945       254
           5      0.922     0.913     0.917       103
           6      0.959     0.940     0.949       248
           7      0.883     0.888     0.885       357
           8      0.916     0.904     0.910       218

    accuracy                          0.915      1888
   macro avg      0.921     0.915     0.918      1888
weighted avg      0.917     0.915     0.916      1888

 

Results for metric 
              precision    recall  f1-score   support

           1      0.894     0.886     0.890       114
           2      0.955     0.917     0.935       276
           3      0.821     0.868     0.844       318
           4      0.921     0.917     0.919       254
           5      0.912     0.903     0.907       103
           6      0.942     0.911     0.926       248
           7      0.839     0.874     0.856       357
           8      0.894     0.849     0.871       218

    accuracy                          0.889      1888
   macro avg      0.897     0.891     0.894      1888
weighted avg      0.891     0.889     0.890      1888

 

Results for metric 
              precision    recall  f1-score   support

           1      0.894     0.886     0.890       114
           2      0.955     0.917     0.935       276
           3      0.821     0.868     0.844       318
           4      0.921     0.917     0.919       254
           5      0.912     0.903     0.907       103
           6      0.942     0.911     0.926       248
           7      0.839     0.874     0.856       357
           8      0.894     0.849     0.871       218

    accuracy                          0.889      1888
   macro avg      0.897     0.891     0.894      1888
weighted avg      0.891     0.889     0.890      1888

 

